# Numero de marcos de pagina:
20
# Numero de direcciones por marco de pagina (tamaño marco de pagina):
2
# Tll,Nm,dir1,dir2,dir3,...
8,7,97,80,85,93,82,79,79,86,95,102,93,109,92,84,104,85,105,77,84,103,90,95,100,107,110,112,114,113,81,89,91,90,112,107,90,80,100,78,82,79
7,7,96,88,113,113,84,112,106,90,98,101,77,85,108,98,85,114,110,100,98,93,87,104,115,88,94,109,84,79,83,87,86,102,94,93,110,112,108,112,79,112
14,7,102,88,111,74,98,75,85,93,111,113,91,112,111,106,92,112,109,111,96,77,100,92,102,95,106,86,104,92,79,109,89,76,84,81,79,77,102,105,87,111,76,89,77,109
15,7,82,115,105,87,102,108,75,103,79,102,86,101,84,97,99,107,85,103,84,93,93,105,79,93,105,82,92,80,78,79,90,80,85,89,99,100,113,75,100,112,88,100,100,76,106,101,85,81,84,115
13,7,110,114,93,93,110,85,85,80,110,82,107,88,98,100,86,103,94,110,87,94,89,76,77,82,76,85,93,79,78,87,84,104,99,92,94,98,93,104,79,98,102,107,104,95,82,110,89,106,77,97
12,7,81,108,79,74,103,80,84,109,86,93,77,111,97,95,107,79,98,87,106,89,83,102,98,88,102,113,109,108,74,79,101,86,106,78,94,81,108,107,82,81,94,86,103,104,106,81,98
11,7,113,103,96,80,89,77,92,112,107,79,107,86,93,99,75,93,107,115,111,94,113,82,92,91,78,77,108,74,112,92,80,115,86,80,104,108,106,95,107,94
12,7,101,83,90,81,85,104,104,103,85,102,88,101,87,106,90,94,87,102,104,111,83,104,79,82,84,112,76,105,86,78,112,104,80,111,108,90,76,78,75,109,99,88,83,77,90,113
8,7,115,115,98,95,94,109,96,92,74,100,81,94,100,107,107,114,89,82,95,98,102,79,89,106,106,86,90,101,98,114,78,75,80,108,87,99,110,92,95,103,81,83,79,105,113,99,102,95,94
